1779730203924 3984.275634765625 0
1779730209971 1788.5257568359375 1
1779730215618 1768.98095703125 2
1779730221762 1759.4661865234375 3
1779730227680 1753.177490234375 4
1779730233690 1748.5596923828125 5
1779730239491 1744.962646484375 6
1779730245082 1741.9893798828125 7
1779730250827 1739.4775390625 8
1779730261607 1737.2725830078125 9
1779730270740 1735.3565673828125 10
1779730279102 1733.400390625 11
1779730288431 1731.8697509765625 12
1779730297199 1730.249755859375 13
1779730305360 1728.5848388671875 14
1779730311050 1726.9677734375 15
1779730316467 1725.54296875 16
1779730324210 1724.1221923828125 17
1779730333239 1722.955078125 18
1779730342160 1721.72119140625 19
1779730351463 1720.516845703125 20
1779730360744 1719.2593994140625 21
1779730369863 1718.2825927734375 22
1779730376518 1716.93603515625 23
1779730382304 1714.0374755859375 24
1779730390650 1711.1724853515625 25
1779730400056 1709.567138671875 26
1779730410091 1708.4793701171875 27
1779730418814 1707.5443115234375 28
1779730427383 1706.53515625 29
1779730437915 1705.7247314453125 30
1779730450206 1704.7430419921875 31
1779730461380 1704.0958251953125 32
1779730474264 1703.3052978515625 33
1779730487901 1702.6397705078125 34
1779730499028 1701.9183349609375 35
1779730508454 1701.356201171875 36
1779730517801 1701.005859375 37
1779730203924 3984.275634765625 0
1779730203924 3984.275634765625 0
1779730203924 3984.275634765625 0
