1779730203924 43.118377685546875 0 ccb641eb98d04998a767bc1eaeb1f46b
1779730209971 33.849185943603516 1 ccb641eb98d04998a767bc1eaeb1f46b
1779730215618 33.66674041748047 2 ccb641eb98d04998a767bc1eaeb1f46b
1779730221762 33.57579803466797 3 ccb641eb98d04998a767bc1eaeb1f46b
1779730227680 33.515254974365234 4 ccb641eb98d04998a767bc1eaeb1f46b
1779730233690 33.46898651123047 5 ccb641eb98d04998a767bc1eaeb1f46b
1779730239491 33.43228530883789 6 ccb641eb98d04998a767bc1eaeb1f46b
1779730245082 33.40287399291992 7 ccb641eb98d04998a767bc1eaeb1f46b
1779730250827 33.378746032714844 8 ccb641eb98d04998a767bc1eaeb1f46b
1779730261607 33.35780715942383 9 ccb641eb98d04998a767bc1eaeb1f46b
1779730270740 33.339481353759766 10 ccb641eb98d04998a767bc1eaeb1f46b
1779730279102 33.32048416137695 11 ccb641eb98d04998a767bc1eaeb1f46b
1779730288431 33.305320739746094 12 ccb641eb98d04998a767bc1eaeb1f46b
1779730297199 33.2901496887207 13 ccb641eb98d04998a767bc1eaeb1f46b
1779730305360 33.273223876953125 14 ccb641eb98d04998a767bc1eaeb1f46b
1779730311050 33.257808685302734 15 ccb641eb98d04998a767bc1eaeb1f46b
1779730316467 33.24340057373047 16 ccb641eb98d04998a767bc1eaeb1f46b
1779730324210 33.229557037353516 17 ccb641eb98d04998a767bc1eaeb1f46b
1779730333239 33.218204498291016 18 ccb641eb98d04998a767bc1eaeb1f46b
1779730342160 33.206871032714844 19 ccb641eb98d04998a767bc1eaeb1f46b
1779730351463 33.19533157348633 20 ccb641eb98d04998a767bc1eaeb1f46b
1779730360744 33.18363952636719 21 ccb641eb98d04998a767bc1eaeb1f46b
1779730369863 33.174041748046875 22 ccb641eb98d04998a767bc1eaeb1f46b
1779730376518 33.161903381347656 23 ccb641eb98d04998a767bc1eaeb1f46b
1779730382304 33.1480712890625 24 ccb641eb98d04998a767bc1eaeb1f46b
1779730390650 33.13311004638672 25 ccb641eb98d04998a767bc1eaeb1f46b
1779730400056 33.12046813964844 26 ccb641eb98d04998a767bc1eaeb1f46b
1779730410091 33.11016845703125 27 ccb641eb98d04998a767bc1eaeb1f46b
1779730418814 33.10176467895508 28 ccb641eb98d04998a767bc1eaeb1f46b
1779730427383 33.09033203125 29 ccb641eb98d04998a767bc1eaeb1f46b
1779730437915 33.08183670043945 30 ccb641eb98d04998a767bc1eaeb1f46b
1779730450206 33.072444915771484 31 ccb641eb98d04998a767bc1eaeb1f46b
1779730461380 33.065887451171875 32 ccb641eb98d04998a767bc1eaeb1f46b
1779730474264 33.058101654052734 33 ccb641eb98d04998a767bc1eaeb1f46b
1779730487901 33.05168151855469 34 ccb641eb98d04998a767bc1eaeb1f46b
1779730499028 33.042354583740234 35 ccb641eb98d04998a767bc1eaeb1f46b
1779730508454 33.037235260009766 36 ccb641eb98d04998a767bc1eaeb1f46b
1779730517801 33.03367233276367 37 ccb641eb98d04998a767bc1eaeb1f46b
1779730203924 43.118377685546875 0 ccb641eb98d04998a767bc1eaeb1f46b
